0.0528235
0.0819885
0.189101
0.10454
0.100344
0.0887758
0.113967
0.0956211
0.100336
0.0879794
0.105326
0.100048
0.100069
0.0922813
0.110241
0.0987705
0.105082
0.118902
0.0932182
0.119674
0.128604
0.100818
0.0887297
0.109574
0.135828
0.0999156
0.0944144
0.0900424
0.102755
0.133593
0.0924904
0.0965006
0.124044
0.106185
0.105322
0.132428
0.105655
0.0987002
0.097261
0.108454
0.123789
0.103449
0.0916789
0.0875647
0.13481
0.109073
0.0962894
0.0992151
0.128341
0.105625
0.106855
0.0957004
0.090319
0.0964367
0.121399
0.128614
0.0882732
0.0902444
0.118113
0.119057
0.091333
0.0964157
0.120619
0.133114
0.0870059
0.0921181
0.134725
0.14582
0.0971896
0.0985518
0.130088
0.152846
0.0940556
0.0970499
0.112552
0.142904
0.105129
0.0979374
0.102698
0.132309
0.155835
0.104134
0.0949722
0.129296
0.15338
0.148401
0.088268
0.0797102
0.10722
0.12345
0.124492
0.127603
0.0849529
0.105619
0.118726
0.116236
0.129773
0.0948877
0.0877423
0.0838832
0.0886078
0.0904342
0.0960978
0.10189
0.114087
0.121716
0.0893443
0.0894662
0.0870641
0.0963665
0.103367
0.112902
0.134683
0.10323
0.0881199
0.0875335
0.0844081
0.0895418
0.0835067
0.0933619
0.113992
0.118283
0.157516
0.0958262
0.0915875
0.0912574
0.0896567
0.0960006
0.0978819
0.0932619
0.128264
0.152105
0.108357
0.0947895
0.0846709
0.0959489
0.0889814
0.0999295
0.122129
0.14602
0.12332
0.0989865
0.0890371
0.091693
0.102457
0.107717
0.101312
0.123556
0.134092
0.115876
0.0958869
0.094485
0.093063
0.0929646
0.0968112
0.104937
0.134039
0.152318
0.117332
0.105935
0.0954052
0.0937791
0.0902322
0.0962389
0.1106
0.121469
0.132758
0.134857
0.0916842
0.104842
0.0962679
0.0890969
0.0869552
0.0941445
0.104036
0.106847
0.123177
0.15454
0.144211
0.0873919
0.087151
0.0867923
0.0969702
0.104272
0.14114
0.116319
0.170057
0.105165
0.0978926
0.0921954
0.102726
0.108155
0.15067
0.125627
0.170785
0.101795
0.10225
0.0966077
0.097639
0.0960943
0.148212
0.154693
0.137546
0.0960852
0.105003
0.0937371
0.148617
0.120225
0.150001
0.100204
0.0992174
0.0943879
0.099801
0.10113
0.138096
0.116335
0.146888
0.0991067
0.0968688
0.0953965
0.0969335
0.0992244
0.106032
0.141422
0.121832
0.125837
0.117356
0.0931779
0.0910772
0.10379
0.100095
0.160378
